0    PGR             -20.28784              5.850278  278.338959  221.869995  234.850006
0    ELV            -25.001719             10.161055  434.610016  325.950043  359.070007
1    RSG            -16.026840              4.143310  244.304245  205.149994  213.649994

0    CMG            -36.676101             15.389527   49.459999   31.320000   36.139999
1   TEAM            -22.632969              4.205783  200.990005  155.500000  162.039993
2   PAYX            -23.650039              3.934097  145.487961  111.080002  115.449997
3    KDP            -23.459231              9.702605   35.144669   26.900000   29.510000
4   FISV            -69.595742              6.539596  212.240005   64.529999   68.750000

0   KVUE            -24.302961              3.959207  22.021997   16.67   17.33
